5 0.000000
10 0.000000
15 0.015625
20 0.046875
25 0.031250
30 0.046875
35 0.062500
40 0.109375
45 0.140625
50 0.140625
55 0.109375
60 0.218750
65 0.140625
70 0.234375
75 0.203125
80 0.281250
85 0.187500
90 0.406250
95 0.328125
100 0.281250
105 0.421875
110 0.515625
115 0.406250
120 0.359375
125 0.562500
130 0.484375
135 0.656250
140 0.562500
145 0.468750
150 0.609375
155 0.515625
160 0.578125
165 0.718750
170 0.937500
175 0.750000
180 1.171875
185 0.875000
190 1.140625
195 1.234375
200 1.062500

dim=5;
nbcl=5;
nivdif=3;
graine=2;
exo=1;
aff=1;
