5 0.000000
10 0.000000
15 0.000000
20 0.000000
25 0.000000
30 0.000000
35 0.015625
40 0.000000
45 0.015625
50 0.015625
55 0.015625
60 0.015625
65 0.031250
70 0.015625
75 0.031250
80 0.031250
85 0.031250
90 0.062500
95 0.046875
100 0.062500
105 0.046875
110 0.093750
115 0.046875
120 0.093750
125 0.093750
130 0.093750
135 0.078125
140 0.125000
145 0.093750
150 0.140625
155 0.125000
160 0.156250
165 0.187500
170 0.187500
175 0.171875
180 0.250000
185 0.203125
190 0.265625
195 0.281250
200 0.218750
205 0.296875
210 0.437500
215 0.406250
220 0.468750
225 0.765625
230 0.453125
235 0.515625
240 0.593750
245 0.593750
250 0.687500
255 0.671875
260 0.828125
265 0.875000
270 1.546875
275 0.625000
280 0.578125
285 0.796875
290 0.703125
295 0.968750
300 1.171875
305 1.140625
310 1.000000
315 0.843750
320 0.781250
325 1.312500
330 1.062500
335 1.125000
340 1.703125
345 2.031250
350 2.156250
355 2.343750
360 1.984375
365 2.687500
370 2.109375
375 1.937500
380 3.843750
385 2.578125
390 2.234375
395 2.843750
400 3.531250
405 3.562500
410 3.218750
415 3.015625
420 3.031250
425 3.109375
430 3.406250
435 3.312500
440 4.015625
445 3.375000
450 4.406250
455 5.765625
460 6.281250
465 6.015625
470 4.625000
475 6.265625
480 7.062500
485 7.046875
490 6.484375
495 4.078125
500 4.796875
505 5.703125
510 5.531250
515 6.328125
520 6.671875
525 9.203125
530 6.406250
535 8.359375
540 7.546875
545 8.140625
550 10.375000
555 9.937500
560 12.875000
565 8.031250
570 7.250000
575 6.921875
580 10.609375
585 10.890625
590 9.343750
595 10.437500
600 12.421875
605 11.812500
610 9.250000
615 9.984375
620 13.968750
625 10.703125
630 11.562500
635 13.281250
640 13.562500
645 12.828125
650 12.250000
655 13.046875
660 15.015625
665 13.812500
670 13.453125
675 15.453125
680 11.671875
685 16.203125
690 17.125000
695 17.718750
700 16.640625
705 17.625000
710 16.562500
715 20.343750
720 17.015625
725 20.328125
730 20.843750
735 15.718750
740 25.500000
745 19.687500
750 16.437500
755 22.562500
760 17.312500
765 15.984375
770 24.125000
775 17.359375
780 20.453125
785 20.562500
790 20.140625
795 21.234375
800 21.906250
805 19.828125
810 32.015625
815 21.109375
820 25.031250
825 20.000000
830 32.765625
835 28.468750
840 25.734375
845 26.218750
850 28.109375
855 23.968750
860 27.187500
865 19.015625
870 34.359375
875 19.062500
880 18.046875
885 36.328125
890 31.359375
895 33.765625
900 30.656250
905 37.937500
910 31.031250
915 38.781250
920 28.375000
925 36.125000
930 37.796875
935 33.859375
940 32.875000
945 29.812500
950 31.281250
955 32.906250
960 31.406250
965 41.703125
970 39.093750
975 39.140625
980 42.156250
985 47.218750
990 32.453125
995 38.671875
1000 41.968750

dim=5;
nbcl=5;
nivdif=3;
graine=2;
exo=1;
aff=0;
