5 0.000000 
10 0.000000 
15 0.000000 
20 0.000000 
25 0.000000 
30 0.000000 
35 0.000000 
40 0.000000 
45 0.000000 
50 0.000000 
55 0.000000 
60 0.000000 
65 0.000000 
70 0.000000 
75 0.000000 
80 0.015625 
85 0.000000 
90 0.000000 
95 0.000000 
100 0.000000 
105 0.015625 
110 0.000000 
115 0.000000 
120 0.015625 
125 0.000000 
130 0.000000 
135 0.015625 
140 0.000000 
145 0.015625 
150 0.000000 
155 0.015625 
160 0.000000 
165 0.015625 
170 0.015625 
175 0.000000 
180 0.015625 
185 0.015625 
190 0.015625 
195 0.015625 
200 0.015625 
205 0.015625 
210 0.015625 
215 0.015625 
220 0.015625 
225 0.031250 
230 0.015625 
235 0.015625 
240 0.031250 
245 0.015625 
250 0.031250 
255 0.031250 
260 0.015625 
265 0.031250 
270 0.046875 
275 0.031250 
280 0.031250 
285 0.031250 
290 0.031250 
295 0.031250 
300 0.046875 
305 0.046875 
310 0.046875 
315 0.046875 
320 0.031250 
325 0.046875 
330 0.046875 
335 0.046875 
340 0.062500 
345 0.062500 
350 0.078125 
355 0.062500 
360 0.078125 
365 0.078125 
370 0.078125 
375 0.062500 
380 0.093750 
385 0.078125 
390 0.078125 
395 0.093750 
400 0.109375 
405 0.078125 
410 0.093750 
415 0.093750 
420 0.109375 
425 0.109375 
430 0.093750 
435 0.109375 
440 0.125000 
445 0.140625 
450 0.156250 
455 0.156250 
460 0.187500 
465 0.187500 
470 0.156250 
475 0.187500 
480 0.203125 
485 0.203125 
490 0.203125 
495 0.156250 
500 0.203125 
505 0.218750 
510 0.187500 
515 0.218750 
520 0.218750 
525 0.281250 
530 0.234375 
535 0.281250 
540 0.218750 
545 0.265625 
550 0.312500 
555 0.328125 
560 0.390625 
565 0.281250 
570 0.296875 
575 0.281250 
580 0.359375 
585 0.359375 
590 0.328125 
595 0.343750 
600 0.421875 
605 0.406250 
610 0.359375 
615 0.375000 
620 0.375000 
625 0.343750 
630 0.343750 
635 0.421875 
640 0.375000 
645 0.390625 
650 0.375000 
655 0.406250 
660 0.421875 
665 0.390625 
670 0.421875 
675 0.468750 
680 0.437500 
685 0.500000 
690 0.468750 
695 0.500000 
700 0.531250 
705 0.515625 
710 0.515625 
715 0.593750 
720 0.546875 
725 0.562500 
730 0.593750 
735 0.562500 
740 0.718750 
745 0.593750 
750 0.578125 
755 0.671875 
760 0.593750 
765 0.609375 
770 0.750000 
775 0.625000 
780 0.703125 
785 0.671875 
790 0.703125 
795 0.718750 
800 0.781250 
805 0.734375 
810 0.921875 
815 0.765625 
820 0.828125 
825 0.765625 
830 0.921875 
835 0.937500 
840 0.890625 
845 0.890625 
850 0.968750 
855 0.859375 
860 1.000000 
865 0.843750 
870 1.093750 
875 0.843750 
880 0.875000 
885 1.187500 
890 1.031250 
895 1.078125 
900 1.156250 
905 1.281250 
910 1.156250 
915 1.265625 
920 1.140625 
925 1.265625 
930 1.234375 
935 1.281250 
940 1.265625 
945 1.187500 
950 1.203125 
955 1.234375 
960 1.312500 
965 1.437500 
970 1.484375 
975 1.453125 
980 1.468750 
985 1.578125 
990 1.390625 
995 1.500000 
1000 1.562500 
