5 0.000000
10 0.000000
15 0.015625
20 0.015625
25 0.015625
30 0.015625
35 0.093750
40 0.250000
45 0.359375
50 0.359375
55 0.203125
60 0.375000
65 0.453125
70 0.093750
75 0.281250
80 0.343750
85 0.250000
90 0.437500
95 0.328125
100 0.312500
105 0.171875
110 0.359375
115 0.390625
120 0.500000
125 0.671875
130 0.500000
135 0.515625
140 0.734375
145 0.718750
150 0.656250
155 0.484375
160 0.593750
165 0.921875
170 0.578125
175 0.765625
180 0.812500
185 0.703125
190 0.968750
195 0.906250
200 0.609375

dim=5;
nbcl=5;
nivdif=3;
graine=2;
exo=1;
aff=1;
