50 0.984375
49 0.796875
48 0.796875
47 0.593750
46 0.593750
45 1.062500
44 0.984375
43 1.437500
42 1.296875
41 1.218750
40 1.203125
39 0.812500
38 0.734375
37 0.796875
36 0.843750
35 1.484375
34 1.500000
33 0.906250
32 0.859375
31 0.562500
30 0.531250
29 1.375000
28 1.375000
27 0.546875
26 0.546875
25 0.453125
24 0.437500
23 0.609375
22 0.609375
21 0.812500
20 0.828125
19 1.140625
18 1.062500
17 0.640625
16 0.625000
15 0.593750
14 0.687500
13 1.171875
12 1.203125
11 1.328125
10 1.250000
9 1.281250
8 1.281250
7 0.812500
6 0.890625
5 2.031250
4 2.062500
3 2.015625
2 2.062500
1 2.109375

dim=50;
nbcl=5;
nivdif=50;
aff=1;
