50 0.906250
49 0.734375
48 0.718750
47 0.546875
46 0.531250
45 0.937500
44 0.953125
43 1.296875
42 1.328125
41 1.375000
40 1.390625
39 0.781250
38 0.828125
37 0.906250
36 0.890625
35 1.656250
34 1.484375
33 0.828125
32 0.828125
31 0.484375
30 0.484375
29 1.281250
28 1.281250
27 0.500000
26 0.468750
25 0.421875
24 0.406250
23 0.531250
22 0.515625
21 0.718750
20 0.812500
19 1.015625
18 0.968750
17 0.562500
16 0.578125
15 0.593750
14 0.578125
13 1.046875
12 1.046875
11 1.187500
10 1.171875
9 1.171875
8 1.171875
7 0.687500
6 0.718750
5 1.875000
4 1.859375
3 1.781250
2 1.812500
1 1.781250

dim=50;
nbcl=5;
nivdif=50;
aff=0;
