5 0.000000
10 0.000000
15 0.015625
20 0.046875
25 0.078125
30 0.078125
35 0.078125
40 0.093750
45 0.203125
50 0.109375
55 0.156250
60 0.343750
65 0.296875
70 0.203125
75 0.156250
80 0.265625
85 0.250000
90 0.296875
95 0.250000
100 0.171875
105 0.281250
110 0.437500
115 0.359375
120 0.421875
125 0.421875
130 0.406250
135 0.562500
140 0.484375
145 0.500000
150 0.593750
155 0.453125
160 0.531250
165 0.703125
170 0.671875
175 0.734375
180 0.578125
185 0.906250
190 0.890625
195 0.750000
200 0.875000

dim=5;
nbcl=5;
nivdif=3;
graine=2;
exo=1;
aff=1;
